57    1
71    1
87    1
97    1
99    1
101    1
103    1
113    1
114    2
115    1
128    3
129    1
131    1
137    1
147    1
156    3
163    1
186    7
144    2
154    2
158    4
160    2
170    4
171    3
172    4
185    7
188    4
194    3
204    4
213    8
220    2
243    26
142    1
168    2
174    3
184    4
199    5
200    8
202    7
208    2
218    6
227    15
234    8
257    39
190    2
201    5
215    13
216    6
224    2
250    6
273    41
57    1
71    1
87    1
97    1
99    1
101    1
103    1
113    1
114    2
115    1
128    3
129    1
131    1
137    1
147    1
156    3
163    1
186    7
144    2
154    2
158    4
160    2
170    4
171    3
172    4
185    7
188    4
194    3
204    4
213    8
220    2
243    26
142    1
168    2
174    3
184    4
199    5
200    8
202    7
208    2
218    6
227    15
234    8
257    39
190    2
201    5
215    13
216    6
224    2
250    6
273    41
196    2
198    3
210    2
211    5
212    4
225    8
226    3
228    11
244    6
253    8
260    6
283    29
214    4
230    5
236    2
246    4
255    20
262    5
285    50
229    16
232    4
238    2
248    2
264    2
206    1
217    5
231    11
240    2
259    31
266    4
241    17
242    17
269    23
276    4
245    17
251    8
261    18
270    22
277    11
252    2
271    38
278    4
256    16
265    11
275    29
284    45
258    11
268    12
274    11
247    6
272    34
281    15
267    12
282    24
263    3
239    3
279    3
57    1
71    1
87    1
97    1
99    1
101    1
103    1
113    1
114    2
115    1
128    3
129    1
131    1
137    1
147    1
156    3
163    1
186    7
144    2
154    2
158    4
160    2
170    4
171    3
172    4
185    7
188    4
194    3
204    4
213    8
220    2
243    26
142    1
168    2
174    3
184    4
199    5
200    8
202    7
208    2
218    6
227    15
234    8
257    39
57    1
71    1
87    1
97    1
99    1
101    1
103    1
113    1
114    2
115    1
128    3
129    1
131    1
137    1
147    1
156    3
163    1
186    7
144    2
154    2
158    4
160    2
170    4
171    3
172    4
185    7
188    4
194    3
204    4
213    8
220    2
243    26
142    1
168    2
174    3
184    4
199    5
200    8
202    7
208    2
218    6
227    15
234    8
257    39
190    2
201    5
215    13
216    6
224    2
250    6
273    41
196    2
198    3
210    2
211    5
212    4
225    8
226    3
228    11
244    6
253    8
260    6
283    29
214    4
230    5
236    2
246    4
255    20
262    5
285    50
229    16
232    4
238    2
248    2
264    2
206    1
217    5
231    11
240    2
259    31
266    4
241    17
242    17
269    23
276    4
245    17
251    8
261    18
270    22
277    11
252    2
271    38
278    4
256    16
265    11
275    29
284    45
258    11
268    12
274    11
247    6
272    34
281    15
267    12
282    24
263    3
239    3
279    3
57    1
71    1
87    1
97    1
99    1
101    1
103    1
113    1
114    2
115    1
128    3
129    1
131    1
137    1
147    1
156    3
163    1
186    7
144    2
154    2
158    4
160    2
170    4
171    3
172    4
185    7
188    4
194    3
204    4
213    8
220    2
243    26
142    1
168    2
174    3
184    4
199    5
200    8
202    7
208    2
218    6
227    15
234    8
257    39
190    2
201    5
215    13
216    6
224    2
250    6
273    41
196    2
198    3
210    2
211    5
212    4
225    8
226    3
228    11
244    6
253    8
260    6
283    29
214    4
230    5
236    2
246    4
255    20
262    5
285    50
229    16
232    4
238    2
248    2
264    2
206    1
217    5
231    11
240    2
259    31
266    4
241    17
242    17
269    23
276    4
245    17
251    8
261    18
270    22
277    11
252    2
271    38
278    4
256    16
265    11
275    29
284    45
258    11
268    12
274    11
247    6
272    34
281    15
267    12
282    24
263    3
239    3
279    3
57    1
71    1
87    1
97    1
99    1
101    1
103    1
113    1
114    2
115    1
128    3
129    1
131    1
137    1
147    1
156    3
163    1
186    7
144    2
154    2
158    4
160    2
170    4
171    3
172    4
185    7
188    4
194    3
204    4
213    8
220    2
243    26
142    1
168    2
174    3
184    4
199    5
200    8
202    7
208    2
218    6
227    15
234    8
257    39
190    2
201    5
215    13
216    6
224    2
250    6
273    41
196    2
198    3
210    2
211    5
212    4
225    8
226    3
228    11
244    6
253    8
260    6
283    29
214    4
230    5
236    2
246    4
255    20
262    5
285    50
229    16
232    4
238    2
248    2
264    2
206    1
217    5
231    11
240    2
259    31
266    4
241    17
242    17
269    23
276    4
245    17
251    8
261    18
270    22
277    11
252    2
271    38
278    4
256    16
265    11
275    29
284    45
258    11
268    12
274    11
247    6
272    34
281    15
267    12
282    24
263    3
239    3
279    3
